1 -5 -2.5 0
2 -4.5 -2.5 0
3 -4.5 -2.5 1
4 -3.5 -2.5 1
5 -3.5 -2.5 0
6 3.5 -2.5 0
7 3.5 -2.5 1
8 4.5 -2.5 1
9 4.5 -2.5 0
10 5 -2.5 0
11 5 -2.5 2
12 3 -2.5 2
13 2 -2.5 4
14 -1.5 -2.5 4
15 -2 -2.5 2.5
16 -5 -2.5 2
17 -5 2.5 0
18 -4.5 2.5 0
19 -4.5 2.5 1
20 -3.5 2.5 1
21 -3.5 2.5 0
22 3.5 2.5 0
23 3.5 2.5 1
24 4.5 2.5 1
25 4.5 2.5 0
26 5 2.5 0
27 5 2.5 2
28 3 2.5 2
29 2 2.5 4
30 -1.5 2.5 4
31 -2 2.5 2.5
32 -5 2.5 2

401 -3.5 -2.5 0
402 -3.567 -2.5 0.25
403 -3.75 -2.5 0.433
404 -4 -2.5 0.5
405 -4.25 -2.5 0.433
406 -4.433 -2.5 0.25
407 -4.5 -2.5 0
408 -4.433 -2.5 -0.25
409 -4.25 -2.5 -0.433
410 -4 -2.5 -0.5
411 -3.75 -2.5 -0.433
412 -3.567 -2.5 -0.25
413 -3.5 -1.6 0
414 -3.567 -1.6 0.25
415 -3.75 -1.6 0.433
416 -4 -1.6 0.5
417 -4.25 -1.6 0.433
418 -4.433 -1.6 0.25
419 -4.5 -1.6 0
420 -4.433 -1.6 -0.25
421 -4.25 -1.6 -0.433
422 -4 -1.6 -0.5
423 -3.75 -1.6 -0.433
424 -3.567 -1.6 -0.25
425 -3.8 -2.5 0
426 -3.8268 -2.5 0.1
427 -3.9 -2.5 0.1732
428 -4 -2.5 0.2
429 -4.1 -2.5 0.1732
430 -4.1732 -2.5 0.1
431 -4.2 -2.5 0
432 -4.1732 -2.5 -0.1
433 -4.1 -2.5 -0.1732
434 -4 -2.5 -0.2
435 -3.9 -2.5 -0.1732
436 -3.8268 -2.5 -0.1



437 4.5 2.5 0
438 4.433 2.5 0.25
439 4.25 2.5 0.433
440 4 2.5 0.5
441 3.75 2.5 0.433
442 3.567 2.5 0.25
443 3.5 2.5 0
444 3.567 2.5 -0.25
445 3.75 2.5 -0.433
446 4 2.5 -0.5
447 4.25 2.5 -0.433
448 4.433 2.5 -0.25
449 4.5 1.6 0
450 4.43 1.6 0.25
451 4.25 1.6 0.433
452 4 1.6 0.5
453 3.75 1.6 0.433
454 3.567 1.6 0.25
455 3.5 1.6 0
456 3.567 1.6 -0.25
457 3.75 1.6 -0.433
458 4 1.6 -0.5
459 4.25 1.6 -0.433
460 4.433 1.6 -0.25
461 4.2 2.5 0
462 4.1732 2.5 0.1
463 4.1 2.5 0.1732
464 4 2.5 0.2
465 3.9 2.5 0.1732
466 3.8268 2.5 0.1
467 3.8 2.5 0
468 3.8268 2.5 -0.1
469 3.9 2.5 -0.1732
470 4 2.5 -0.2
471 4.1 2.5 -0.1732
472 4.1732 2.5 -0.1


473 -3.5 2.5 0
474 -3.567 2.5 0.25
475 -3.75 2.5 0.433
476 -4 2.5 0.5
477 -4.25 2.5 0.433
478 -4.433 2.5 0.25
479 -4.5 2.5 0
480 -4.433 2.5 -0.25
481 -4.25 2.5 -0.433
482 -4 2.5 -0.5
483 -3.75 2.5 -0.433
484 -3.567 2.5 -0.25
485 -3.5 1.6 0
486 -3.567 1.6 0.25
487 -3.75 1.6 0.433
488 -4 1.6 0.5
489 -4.25 1.6 0.433
490 -4.433 1.6 0.25
491 -4.5 1.6 0
492 -4.433 1.6 -0.25
493 -4.25 1.6 -0.433
494 -4 1.6 -0.5
495 -3.75 1.6 -0.433
496 -3.5670 1.6 -0.25
497 -3.8 2.5 0
498 -3.8268 2.5 0.1
499 -3.9 2.5 0.1732
500 -4 2.5 0.2
501 -4.1 2.5 0.1732
502 -4.1732 2.5 0.1
503 -4.2 2.5 0
504 -4.1732 2.5 -0.1
505 -4.1 2.5 -0.1732
506 -4 2.5 -0.2
507 -3.9 2.5 -0.1732
508 -3.8268 2.5 -0.1



509 4.5 -2.5 0
510 4.433 -2.5 0.25
511 4.25 -2.5 0.433
512 4 -2.5 0.5
513 3.75 -2.5 0.433
514 3.567 -2.5 0.25
515 3.5 -2.5 0
516 3.567 -2.5 -0.25
517 3.75 -2.5 -0.433
518 4 -2.5 -0.5
519 4.25 -2.5 -0.433
520 4.433 -2.5 -0.25
521 4.5 -1.6 0
522 4.433 -1.6 0.25
523 4.25 -1.6 0.433
524 4 -1.6 0.5
525 3.75 -1.6 0.433
526 3.567 -1.6 0.25
527 3.5 -1.6 0
528 3.567 -1.6 -0.25
529 3.75 -1.6 -0.433
530 4 -1.6 -0.5
531 4.25 -1.6 -0.433
532 4.433 -1.6 -0.25
533 4.2 -2.5 0
534 4.1732 -2.5 0.1
535 4.1 -2.5 0.1732
536 4 -2.5 0.2
537 3.9 -2.5 0.1732
538 3.8268 -2.5 0.1
539 3.8 -2.5 0
540 3.8268 -2.5 -0.1
541 3.9 -2.5 -0.1732
542 4 -2.5 -0.2
543 4.1 -2.5 -0.1732
544 4.1732 -2.5 -0.1

900 0 0 0
901 0 0 4

902 4 -2.5 0.0335
903 4 -1.6 0.0335

904 -4 2.5 0.0335
905 -4 1.6 0.0335

906 4 2.5 0.0335
907 4 1.6 0.0335

908 -4 -2.5 0.0335
909 -4 -1.6 0.0335

910 -4 -2.05 0.6
911 -4 -2.05 -0.3
912 -4 2.05 0.6
913 -4 2.05 -0.3


2000 10 10 1


1000 -10 -7 -7
1001 10 7 7
1002 10 -7 -7
1003 -10 7 7
1004 -20 -7 0
1005 20 -7 0
1006 20 7 0
1007 -20 7 0
1008 20 0 0
1009 -20 0 0
Faces:
1000.
1001.
1002.
1003.
1004 1005. 1005 1004.
1006 1007. 1007 1006.
1008 1009. 1009 1008.
1 2 3 4 5 6 7 8 9 10 11 12 13 14 15 16. 16 15 14 13 12 11 10 9 8 7 6 5 4 3 2 1.
1 2 18 17. 17 18 2 1.
1 16 32 17. 17 32 16 1.
16 15 31 32. 32 31 15 16.
15 14 30 31. 31 30 14 15.
14 13 29 30. 30 29 13 14.
13 12 28 29. 29 28 12 13.
12 11 27 28. 28 27 11 12.
11 10 26 27. 27 26 10 11.
10 9 25 26. 26 25 9 10.
9 8 24 25. 25 24 8 9.
8 7 23 24. 24 23 7 8.
7 6 22 23. 23 22 6 7.
6 5 21 22. 22 21 5 6.
5 4 20 21. 21 20 4 5.
4 3 20 19. 19 20 3 4.
3 2 18 19. 19 18 2 3.
17 18 19 20 21 22 23 24 25 26 27 28 29 30 31 32. 

401 402 403 404 405 406 407 408 409 410 411 412.
412 411 410 409 408 407 406 405 404 403 402 401.
401 413 414 402.
402 414 413 401.
402 414 415 403.
403 415 414 402.
403 415 416 404.
404 416 415 403.
404 416 417 405.
405 417 416 404.
405 417 418 406.
405 417 418 406.
406 418 419 407.
407 419 418 406.
407 419 420 408.
408 420 419 407.
408 420 421 409.
409 421 420 408.
409 421 422 410.
410 422 421 409.
410 422 423 411.
411 422 423 410.
411 423 424 412.
411 423 424 412.
412 424 413 401.
401 413 424 412.
425 426 427 428 429 430 431 432 433 434 435 436.
436 435 434 433 432 431 430 429 428 427 426 425.


437 438 439 440 441 442 443 444 445 446 447 448.
448 447 446 445 444 443 442 441 440 439 438 437.
437 449 450 438.
438 450 449 437.
438 450 451 439.
439 451 450 438.
439 451 452 440.
440 452 451 439.
440 452 453 441.
441 453 452 440.
441 453 454 442.
442 454 453 441.
442 454 455 443.
443 455 454 442.
443 455 456 444.
444 456 455 443.
444 456 457 445.
445 457 456 444.
445 457 458 446.
446 458 457 445.
446 458 459 447.
447 459 458 446.
447 459 460 448.
448 460 459 447.
448 460 449 437.
437 449 460 448.
461 462 463 464 465 466 467 468 469 470 471 472.
472 471 470 469 468 467 466 465 464 463 462 461.

473 474 475 476 477 478 479 480 481 482 483 484.
484 483 482 481 480 479 478 477 476 475 474 473.
473 485 486 474.
474 486 485 473.
474 486 487 475.
475 487 486 474.
475 487 488 476.
476 488 487 475.
476 488 489 477.
477 489 488 476.
477 489 490 478.
478 490 489 477.
478 490 491 479.
479 491 490 478.
479 491 492 480.
480 492 491 479.
480 492 493 481.
481 493 492 480.
481 493 494 482.
482 494 493 481. 
482 494 495 483.
483 495 494 482
483 495 496 484.
483 495 496 484.
484 496 485 473.
473 485 496 484. 
497 498 499 500 501 502 503 504 505 506 507 508.
508 507 506 505 504 503 502 501 500 499 498 497.


509 510 511 512 513 514 515 516 517 518 519 520.
520 519 518 517 516 515 514 513 512 511 510 509. 
509 521 522 510.
510 522 521 509.
510 522 523 511.
511 523 522 510.
511 523 524 512.
512 524 523 511.
512 524 525 513.
513 525 524 512.
513 525 526 514.
514 526 525 513.
514 526 527 515.
515 527 526 514.
515 527 528 516.
516 528 527 515.
516 528 529 517.
517 529 528 516.
517 529 530 518.
518 530 529 517.
518 530 531 519.
519 531 530 518.
519 531 532 520.
520 532 531 519.
520 532 521 509.
509 521 532 520.
533 534 535 536 537 538 539 540 541 542 543 544.
544 543 542 541 540 539 538 537 536 535 534 533.
509 544.